P0: -10.0 -10.0 -10.0 -10.0 -10.0 -10.0 -10.0 -10.0 -10.0 -10.0 -10.0 -10.0
P1: -10.0 -10.0 -10.0 -10.0 -10.0 -10.0 -10.0 -10.0 -10.0 -10.0 -10.0 -10.0
P2: 1662.77 0.0 960.00 0.0 0.0 1662.77 540.00 0.0 0.0 0.0 1.0 0.0
P2: -10.0 -10.0 -10.0 -10.0 -10.0 -10.0 -10.0 -10.0 -10.0 -10.0 -10.0 -10.0
R0_rect: 1.0 0.0 0.0 0.0 1.0 0.0 0.0 0.0 1.0
Tr_velo_to_cam: 0.0 -1.0 0.0 0.0 0.0 0.0 -1.0 0.0 1.0 0.0 0.0 0.0
Tr_imu_to_velo: 0.0 -1.0 0.0 0.0 0.0 0.0 -1.0 0.0 1.0 0.0 0.0 0.0
